pos/vlcsnap-2017-10-18-17h36m19s896.png 1 830 333 38 19
pos/vlcsnap-2017-10-18-17h36m21s936.png 1 676 360 46 22
pos/vlcsnap-2017-10-18-17h36m23s091.png 1 519 354 72 34
pos/vlcsnap-2017-10-18-17h36m23s578.png 1 464 345 91 52
pos/vlcsnap-2017-10-18-17h36m24s184.png 1 177 347 274 127
pos/vlcsnap-2017-10-18-17h36m29s621.png 1 648 384 55 41
pos/vlcsnap-2017-10-18-17h36m30s299.png 1 621 369 72 55
pos/vlcsnap-2017-10-18-17h36m30s936.png 1 612 360 75 38
pos/vlcsnap-2017-10-18-17h36m31s498.png 1 566 361 85 41
pos/vlcsnap-2017-10-18-17h36m32s054.png 1 463 355 127 61
pos/vlcsnap-2017-10-18-17h36m32s295.png 1 383 359 167 88
pos/vlcsnap-2017-10-18-17h36m32s456.png 1 275 360 241 109
pos/vlcsnap-2017-10-18-17h36m32s661.png 1 24 392 317 140
pos/vlcsnap-2017-10-18-17h37m05s263.png 1 426 350 42 31
pos/vlcsnap-2017-10-18-17h37m05s622.png 1 429 339 44 35
pos/vlcsnap-2017-10-18-17h37m06s374.png 1 433 337 51 38
pos/vlcsnap-2017-10-18-17h37m07s301.png 1 420 336 91 71
pos/vlcsnap-2017-10-18-17h37m07s701.png 1 405 323 125 95
pos/vlcsnap-2017-10-18-17h37m08s184.png 1 379 310 125 72
pos/vlcsnap-2017-10-18-17h37m48s973.png 1 482 339 32 16
pos/vlcsnap-2017-10-18-17h37m49s485.png 1 495 347 38 19
pos/vlcsnap-2017-10-18-17h37m51s649.png 1 378 344 131 69
pos/vlcsnap-2017-10-18-17h37m51s969.png 1 110 359 227 131
pos/vlcsnap-2017-10-18-17h38m16s132.png 1 557 341 35 30
pos/vlcsnap-2017-10-18-17h38m16s890.png 1 573 349 32 30
pos/vlcsnap-2017-10-18-17h38m17s850.png 1 576 355 21 20
pos/vlcsnap-2017-10-18-17h38m18s891.png 1 577 352 20 17
pos/vlcsnap-2017-10-18-17h38m21s726.png 1 609 350 19 17
pos/vlcsnap-2017-10-18-17h38m23s528.png 1 600 348 26 22
pos/vlcsnap-2017-10-18-17h38m33s883.png 1 605 348 31 21
pos/vlcsnap-2017-10-18-17h38m40s928.png 1 593 340 28 21
pos/vlcsnap-2017-10-18-17h38m44s044.png 1 551 342 70 46
pos/vlcsnap-2017-10-18-17h38m45s009.png 1 506 327 100 80
pos/vlcsnap-2017-10-18-17h38m45s730.png 1 419 325 149 96
pos/vlcsnap-2017-10-18-17h38m46s249.png 1 130 352 279 118


