pos/vlcsnap-2017-10-18-17h36m19s896.png 1 836 338 23 14
pos/vlcsnap-2017-10-18-17h36m21s936.png 2 684 366 14 14 698 366 14 14
pos/vlcsnap-2017-10-18-17h36m23s091.png 2 530 360 20 25 558 360 20 25
pos/vlcsnap-2017-10-18-17h36m23s578.png 2 474 356 29 35 514 356 31 36
pos/vlcsnap-2017-10-18-17h36m24s184.png 2 196 384 77 44 314 378 77 52
pos/vlcsnap-2017-10-18-17h36m29s621.png 1 657 395 36 25
pos/vlcsnap-2017-10-18-17h36m30s299.png 1 634 382 45 31
pos/vlcsnap-2017-10-18-17h36m30s936.png 2 624 372 25 25 646 372 25 25
pos/vlcsnap-2017-10-18-17h36m31s498.png 2 576 369 28 28 609 370 28 28
pos/vlcsnap-2017-10-18-17h36m32s054.png 2 476 370 40 40 529 370 40 40
pos/vlcsnap-2017-10-18-17h36m32s295.png 2 404 385 44 44 470 382 52 58
pos/vlcsnap-2017-10-18-17h36m32s456.png 2 312 388 55 48 406 386 63 57
pos/vlcsnap-2017-10-18-17h36m32s661.png 2 43 415 107 69 213 410 107 69
pos/vlcsnap-2017-10-18-17h36m32s778.png 1 0 456 105 100
pos/vlcsnap-2017-10-18-17h37m05s263.png 1 432 355 30 21
pos/vlcsnap-2017-10-18-17h37m05s622.png 1 435 344 32 25
pos/vlcsnap-2017-10-18-17h37m06s374.png 2 440 343 20 25 456 345 20 25
pos/vlcsnap-2017-10-18-17h37m07s301.png 1 427 345 75 62
pos/vlcsnap-2017-10-18-17h37m07s701.png 1 425 332 92 80
pos/vlcsnap-2017-10-18-17h37m08s184.png 2 388 328 55 55 438 329 55 55
pos/vlcsnap-2017-10-18-17h37m08s859.png 2 0 402 96 68 0 460 82 68
pos/vlcsnap-2017-10-18-17h37m48s973.png 1 485 339 26 18
pos/vlcsnap-2017-10-18-17h37m49s485.png 1 500 350 28 17
pos/vlcsnap-2017-10-18-17h37m51s649.png 2 388 358 49 47 440 355 49 47
pos/vlcsnap-2017-10-18-17h37m51s969.png 2 116 386 105 46 232 376 95 59
pos/vlcsnap-2017-10-18-17h38m16s132.png 1 562 344 25 25
pos/vlcsnap-2017-10-18-17h38m16s890.png 1 578 353 22 22
pos/vlcsnap-2017-10-18-17h38m17s850.png 1 577 357 16 16
pos/vlcsnap-2017-10-18-17h38m18s891.png 1 582 355 12 12
pos/vlcsnap-2017-10-18-17h38m21s726.png 1 612 352 13 13
pos/vlcsnap-2017-10-18-17h38m23s528.png 1 605 351 16 16
pos/vlcsnap-2017-10-18-17h38m33s883.png 1 611 356 19 16
pos/vlcsnap-2017-10-18-17h38m40s928.png 1 595 343 24 21
pos/vlcsnap-2017-10-18-17h38m44s044.png 1 562 349 47 41
pos/vlcsnap-2017-10-18-17h38m45s009.png 1 515 338 80 71
pos/vlcsnap-2017-10-18-17h38m45s730.png 1 422 332 130 125
pos/vlcsnap-2017-10-18-17h38m46s249.png 2 146 377 102 98 249 367 129 114


